1874 5 2.000
1874 5 3.000
1874 5 4.000
1874 5 5.000
1874 5 6.000
1874 5 7.000
1874 5 8.000
1874 5 9.497
1874 5 9.497
1874 5 9.497
1874 510.000
1874 510.000
1874 510.000
1874 510.000
1874 511.526
1874 511.526
1874 511.526
1874 511.526
1874 512.000
1874 513.000
1874 514.000
1874 515.000
1874 516.438
1874 516.438
1874 517.000
1874 517.000
1874 518.441
1874 518.441
1874 519.000
1874 520.445
1874 520.445
1874 521.559
1874 521.559
1874 522.515
1874 522.515
1874 523.000
1874 524.000
1874 525.000
1874 526.442
1874 526.442
1874 527.000
1874 528.000
1874 529.000
1874 530.472
1874 531.000
1874 6 1.481
1874 6 1.481
1874 6 2.527
1874 6 2.527
1874 6 3.000
1874 6 3.000
1874 6 4.466
1874 6 4.466
1874 6 5.466
1874 6 5.466
1874 6 6.000
1874 6 7.000
1874 6 8.000
1874 6 9.000
1874 610.000
1874 611.534
1874 612.417
1874 613.409
1874 613.409   2760100 0    0   45    0   26 0.498 285.6 129.3   8.7  29.0
1874 614.000
1874 615.552
1874 615.552
1874 615.552
1874 616.000
1874 616.000
1874 617.000
1874 617.000
1874 618.000
1874 618.000
1874 619.527
1874 619.527
1874 620.000
1874 621.000
1874 622.608
1874 623.469
1874 624.458
1874 624.458
1874 625.512
1874 625.512
1874 626.000
1874 627.574
1874 627.574
1874 628.000
1874 628.000
1874 629.416
1874 629.416
1874 630.409
1874 630.409
1874 630.409
1874 7 1.000
1874 7 1.000
1874 7 1.000
1874 7 2.464
1874 7 2.464
1874 7 2.464
1874 7 2.464
1874 7 2.464
1874 7 3.529
1874 7 3.529
1874 7 3.529
1874 7 3.529
1874 7 3.529
1874 7 4.403
1874 7 4.403
1874 7 4.403
1874 7 4.403
1874 7 4.403
1874 7 4.403     10000 0    0  154    0  532 0.989 101.8 101.7 -11.1 -80.7
1874 7 5.000
1874 7 5.000
1874 7 5.000
1874 7 5.000     10000 0   42  440   55  576 0.927 103.0 101.5 -10.6 -66.8
1874 7 6.546
1874 7 6.546
1874 7 6.546
1874 7 6.546     10000 0  126  719  109  620 0.814 105.2 101.2 -10.1 -52.9
1874 7 6.546     10100 2   25  152   14   85 0.434  82.6 128.4   6.6 -25.7
1874 7 7.454
1874 7 7.454
1874 7 7.454     10000 0  121  772   83  529 0.685 110.2 101.2 -10.8 -40.9
1874 7 7.454     10100 2    0   44    0   23 0.249  78.0 127.9   6.7 -14.2
1874 7 8.513
1874 7 8.513
1874 7 8.513     10000 0  178  889  103  514 0.500 118.1 101.4 -10.1 -26.6
1874 7 8.513     10100 2    0   35    0   19 0.140 277.1 136.0   4.9   8.0
1874 7 9.535
1874 7 9.535
1874 7 9.535     10000 0  156  803   83  427 0.331 138.9 101.7 -10.5 -12.8
1874 7 9.535     10100 2    0   19    0   10 0.377 272.0 136.7   4.5  22.2
1874 710.501
1874 710.501
1874 710.501     10000 0   91  818   47  424 0.248 180.0 101.7 -10.2   0.0
1874 710.501     10200 0    0   35    0   29 0.805  75.0  48.3  14.5 -53.4
1874 711.000
1874 711.000
1874 711.000     10000 0  120  833   64  442 0.341 222.3 101.7 -10.5  13.5
1874 711.000     10200 0    7   79    5   53 0.659  73.4  47.7  14.1 -40.6
1874 712.000
1874 712.000
1874 712.000     10000 0  139  792   81  460 0.513 240.4 101.8 -10.8  27.0
1874 712.000     10200 2   17  134   10   77 0.486  69.2  47.0  13.8 -27.9
1874 713.549
1874 713.549
1874 713.549     10000 0  142  699   97  479 0.683 248.7 101.8 -11.0  40.4
1874 713.549     10200 2   27  191   14  100 0.299  58.0  46.3  13.4 -15.1
1874 714.512     10000 0   61  267   54  236 0.826 253.5 102.4 -10.9  53.8
1874 714.512     10200 7    0   92    0   47 0.172  14.3  46.1  14.1  -2.5
1874 714.512     10300 0    0   39    0   87 0.973  71.8 331.1  18.7 -77.5
1874 715.443     10000 0  116  343  151  445 0.921 257.2 102.1  -9.9  65.8
1874 715.443     10200 7   74  274   38  141 0.228 314.7  45.9  13.8   9.6
1874 715.443     10300 0   46  118   55  141 0.906  72.9 331.1  17.4 -65.2
1874 715.443     10400 0    0   94    0   53 0.449  68.9  10.8  13.5 -25.5
1874 716.524     10000 0    0  150    0  537 0.990 258.7 102.8 -10.5  80.8
1874 716.524     10200 7   48  315   28  185 0.524 286.6  53.0  12.7  31.0
1874 716.524     10300 0   45  216   36  174 0.783  70.1 331.1  18.5 -50.9
1874 716.524     10400 7    0   33    0   17 0.266  50.3   9.8  14.4 -12.2
1874 716.524     10410 7    0  124    0   77 0.597  86.0 345.2   6.2 -36.8
1874 717.516     10200 7   54  338   41  258 0.755 279.7  58.1  10.5  49.2
1874 717.516     10300 0   44  251   29  164 0.641  66.5 330.6  18.6 -38.3
1874 717.516     10410 7   66  604   36  328 0.385  84.7 346.2   6.5 -22.7
1874 718.511     10200 7   33  161   34  168 0.877 279.3  57.4  10.5  61.7
1874 718.511     10300 0   39  222   22  127 0.474  59.6 330.2  18.3 -25.5
1874 718.511     10410 7  159  855   81  436 0.164  81.7 346.3   6.2  -9.4
1874 719.000     10300 0   41  193   22  102 0.312  41.5 329.8  18.4 -12.6
1874 719.000     10410 7  219 1184  110  594 0.083 287.3 347.0   6.4   4.6
1874 720.513     10300 0   43  149   22   77 0.230 358.8 329.3  18.4   0.3
1874 720.513     10410 7  261 1421  138  752 0.317 275.6 347.7   6.6  18.5
1874 721.503     10300 0   29  103   15   54 0.314 317.5 329.0  18.4  12.9
1874 721.503     10410 7  292 1214  172  714 0.525 273.1 347.9   6.0  31.8
1874 722.000     10300 0   21   73   12   42 0.477 300.1 328.7  18.6  25.8
1874 722.000     10410 7  228 1276  160  895 0.706 273.7 348.1   6.3  45.1
1874 723.497     10300 0   12   46    8   30 0.642 293.1 328.4  18.8  38.6
1874 723.497     10410 7  157 1140  148 1075 0.849 274.3 348.2   6.5  58.4
1874 723.497     10500 0   25  113   52  231 0.970  86.0 213.7   5.2 -76.4
1874 724.565     10300 0    0   29    0   24 0.803 288.8 328.8  18.3  53.2
1874 724.565     10410 7   92  576  158  993 0.956 274.4 348.9   5.8  73.3
1874 724.565     10500 0   49  258   49  261 0.870  87.0 214.9   5.3 -60.7
1874 725.460     10410 7    0   25    0   71 0.985 274.7 344.2   5.6  80.4
1874 725.460     10500 0   74  398   56  299 0.748  88.4 215.2   4.8 -48.6
1874 726.000     10500 0   92  484   56  294 0.573  88.5 215.4   5.4 -35.1
1874 727.000     10500 0  104  539   56  290 0.366  88.0 215.6   6.0 -21.6
1874 728.000     10500 0  109  565   55  285 0.141  83.3 215.8   6.6  -8.1
1874 729.000     10500 0  109  557   55  280 0.097 285.0 216.0   7.2   5.4
1874 730.452     10500 0  105  524   55  276 0.322 276.7 216.1   7.7  18.8
1874 730.452     10600 4  135  928   95  634 0.672  81.9 154.8   9.8 -42.5
1874 731.420     10500 0   75  394   44  232 0.524 275.4 216.8   7.9  31.8
1874 731.420     10600 4  182 1056  109  621 0.515  81.4 153.9   9.5 -31.1
1874 731.420     10700 1   27  115   44  189 0.952  80.8 112.0  10.5 -73.0
1874 8 1.000     10500 0   60  283   44  206 0.707 274.9 217.0   7.7  45.3
1874 8 1.000     10600 4  194 1102  102  578 0.324  77.5 153.0   9.7 -18.7
1874 8 1.000     10700 1   44  240   43  230 0.860  81.2 111.9  10.6 -59.8
1874 8 2.000     10500 0   43  182   43  180 0.851 275.2 217.2   7.6  58.8
1874 8 2.000     10600 4  190 1063   96  535 0.127  58.1 152.1   9.9  -6.3
1874 8 2.000     10700 1   58  381   42  272 0.722  81.1 111.9  10.6 -46.5
1874 8 3.434     10500 0   27   95   43  153 0.950 275.8 217.4   7.4  72.3
1874 8 3.434     10600 4  176  971   89  493 0.125 303.0 151.2  10.0   6.1
1874 8 3.434     10700 1   68  523   41  313 0.548  79.8 111.8  10.7 -33.3
1874 8 3.434     10800 4   61  282   42  193 0.686 128.5 110.2 -20.3 -34.9
1874 8 3.434     10900 0   36  104   25   72 0.695 113.0 104.4 -11.1 -40.7
1874 8 4.000     10600 4  161  934   86  499 0.338 281.8 151.5   9.8  19.6
1874 8 4.000     10700 1   75  509   40  270 0.344  75.2 112.1  10.9 -19.8
1874 8 4.000     10800 4   73  316   44  190 0.558 142.0 110.4 -20.3 -21.5
1874 8 4.000     10900 0   39  122   23   72 0.536 122.4 104.4 -11.2 -27.5
1874 8 5.000     10600 4  138  842   83  505 0.544 278.0 151.8   9.6  33.1
1874 8 5.000     10700 1   77  450   39  227 0.137  51.7 112.4  11.1  -6.3
1874 8 5.000     10800 4   81  331   46  187 0.465 163.7 110.6 -20.3  -8.0
1874 8 5.000     10900 0   40  134   22   73 0.384 140.9 104.3 -11.3 -14.3
1874 8 6.437     10600 4  108  703   80  510 0.722 277.0 152.0   9.4  46.6
1874 8 6.437     10700 1   75  362   38  184 0.152 306.0 112.6  11.4   7.2
1874 8 6.437     10800 4   83  324   47  183 0.457 191.4 110.9 -20.3   5.5
1874 8 6.437     10900 0   38  139   20   73 0.305 176.5 104.3 -11.4  -1.1
1874 8 7.000     10600 4   68  556   72  583 0.868 277.1 152.9   9.3  60.8
1874 8 7.000     10700 1   59  314   32  169 0.359 285.5 112.8  11.5  20.7
1874 8 7.000     10800 4   98  416   59  250 0.546 215.5 111.9 -20.4  19.8
1874 8 7.000     10900 0   31  120   17   65 0.369 213.8 104.2 -11.6  12.1
1874 8 8.451     10600 4   36  356   64  656 0.962 277.7 153.7   9.1  74.9
1874 8 8.451     10700 1   43  252   26  153 0.560 281.2 112.9  11.6  34.1
1874 8 8.451     10800 4  104  463   71  317 0.681 230.5 112.9 -20.4  34.1
1874 8 8.451     10900 0   24   96   14   56 0.517 234.4 104.2 -11.7  25.4
1874 8 8.451     11000 0   23  150   80  518 0.990  88.7 356.9   2.2 -81.9
1874 8 9.000     10700 1   44  222   33  165 0.728 280.1 112.9  11.8  47.1
1874 8 9.000     10800 4   50  286   45  253 0.821 239.5 114.7 -20.4  49.0
1874 8 9.000     10900 0   20   73   14   51 0.674 244.8 104.2 -11.6  38.5
1874 8 9.000     11000 0   70  390   92  510 0.930  90.2 357.3   2.2 -68.5
1874 810.431     10700 1   41  181   40  177 0.862 280.1 112.8  12.0  60.2
1874 810.431     10800 4   13  139   18  188 0.928 244.9 116.4 -20.4  63.8
1874 810.431     10900 0   16   53   14   45 0.812 250.8 104.1 -11.5  51.5
1874 810.431     11000 0  118  577  103  502 0.819  92.0 357.6   2.1 -55.0
1874 810.431     11100 1   26  297   80  900 0.986 110.2 335.0 -18.6 -77.6
1874 811.513     10700 1   16   65   30  123 0.965 280.5 114.0  11.8  75.7
1874 811.513     10900 0    0   33    0   45 0.929 254.5 104.5 -11.8  66.2
1874 811.513     11000 0  144  815   95  536 0.649  93.9 357.9   2.5 -40.4
1874 811.513     11100 1  121  883  170 1244 0.934 111.8 332.7 -17.7 -65.6
1874 812.439     11000 0  179  831  102  475 0.476  97.3 357.8   2.4 -28.2
1874 812.439     11100 1  147 1169  136 1082 0.841 116.7 333.7 -18.2 -52.3
1874 813.000     11000 0  176  867   91  448 0.258 106.0 358.1   2.4 -14.4
1874 813.000     11100 1  210 1564  150 1116 0.715 123.1 333.5 -17.8 -39.0
1874 814.501     11000 0  159  836   80  420 0.076 173.4 358.3   2.4  -0.5
1874 814.501     11100 1  269 1886  164 1150 0.572 133.9 333.2 -17.3 -25.6
1874 815.432     11000 0  147  898   76  463 0.213 249.2 358.0   2.3  11.5
1874 815.432     11100 1  218 1605  124  912 0.471 151.6 332.9 -17.9 -13.6
1874 815.432   2790100 7   11  102   10   96 0.846 248.5  40.8 -14.2  54.3
1874 816.000     11000 0  132  825   74  461 0.429 260.9 358.1   2.3  25.1
1874 816.000     11100 1  229 1454  126  799 0.418 179.8 332.9 -17.9  -0.1
1874 817.477     11000 0  112  716   72  459 0.627 265.0 358.2   2.2  38.7
1874 817.477     11100 1  224 1206  127  685 0.469 208.0 332.9 -17.8  13.4
1874 818.000     11000 0   48  517   40  425 0.796 266.9 358.5   1.7  52.7
1874 818.000     11100 1  168  945  105  588 0.598 226.9 333.1 -18.0  27.3
1874 819.543     11000 0    6  309    8  391 0.918 268.2 358.8   1.1  66.6
1874 819.543     11100 1  112  663   83  491 0.740 237.6 333.3 -18.2  41.1
1874 819.543     11400 7    0   27    0   17 0.619 121.0 259.2 -12.8 -33.0
1874 819.543     11500 2   39  230   45  268 0.901 111.3 231.4 -15.8 -60.8
1874 819.543     11600 0    0   45    0   78 0.954  85.9 219.1   6.0 -73.1
1874 820.563     11000 0    0   87    0  347 0.992 269.7   1.6   0.6  82.9
1874 820.563     11100 1   92  746   86  694 0.844 243.7 331.4 -17.8  52.7
1874 820.563     11400 7   56  346   31  191 0.414 139.0 262.6 -11.5 -16.1
1874 820.563     11500 2   57  400   47  328 0.792 114.9 230.7 -14.9 -48.0
1874 820.563     11600 0    0   28    0   27 0.858  86.5 219.2   6.6 -59.5
1874 821.536     11100 1   40  211   58  306 0.937 247.9 331.7 -17.9  65.9
1874 821.536     11400 7   36  231   19  121 0.296 174.3 264.1 -10.1  -1.7
1874 821.536     11500 2   74  397   49  261 0.651 122.8 231.3 -14.9 -34.5
1874 821.536     11600 0   35  108   25   78 0.718  87.7 219.6   6.5 -46.2
1874 822.475     11100 1    0   24    0   79 0.989 248.1 331.4 -20.3  78.0
1874 822.475     11400 7    0  154    0   82 0.332 208.6 262.7 -10.0   9.3
1874 822.475     11500 2   80  462   47  272 0.521 135.9 231.3 -15.5 -22.1
1874 822.475     11600 0   33   75   20   45 0.553  89.9 219.6   5.9 -33.8
1874 823.000     11400 7    0  142    0   81 0.469 235.0 262.9  -9.1  22.9
1874 823.000     11500 2   91  482   50  263 0.407 158.7 231.2 -15.3  -8.8
1874 824.502     11400 7    0  123    0   80 0.634 247.8 263.0  -8.2  36.4
1874 824.502     11500 2   98  466   53  253 0.385 191.4 231.1 -15.1   4.5
1874 824.502     11700 0    0   27    0   44 0.952  80.6 153.5  11.1 -73.1
1874 825.452     11400 7    0   29    0   22 0.749 254.9 260.8  -6.4  46.7
1874 825.452     11500 2   62  354   35  201 0.470 217.4 231.3 -15.1  17.2
1874 825.452     11700 0   19   58   19   57 0.862  81.6 153.8  10.8 -60.3
1874 826.429     11500 2   74  368   46  230 0.604 233.0 231.2 -15.2  30.0
1874 826.429     11700 0   23   78   17   57 0.735  82.4 153.4  10.4 -47.8
1874 827.488     11500 2   58  284   44  217 0.754 242.9 231.2 -15.0  44.0
1874 827.488     11700 0    0   40    0   24 0.545  80.3 154.0  11.3 -33.2
1874 828.434     11500 2   28  220   28  218 0.865 248.5 231.0 -14.6  56.3
1874 828.434     11700 0    5   54    3   29 0.360  77.4 153.7  11.2 -21.0
1874 829.515     11500 2   18   92   32  168 0.961 251.8 231.6 -15.3  71.2
1874 829.515     11700 0   18   57    9   29 0.140  56.2 153.6  11.6  -6.8
1874 829.515     11800 7    8  156    4   81 0.287 147.6 151.5  -6.9  -8.9
1874 830.000     11700 0    9   37    5   19 0.136 306.5 153.8  11.8   6.4
1874 830.000     11800 7    3  140    2   73 0.265 198.2 152.2  -7.4   4.8
1874 831.483     11700 0    0   15    0    8 0.338 285.2 153.9  11.9  19.5
1874 831.483     11800 7    0  118    0   65 0.402 231.0 152.8  -7.8  18.4
1874 9 1.456     11800 7   15  152    9   93 0.583 245.7 154.0  -7.8  32.4
1874 9 2.418     11800 7   19  173   14  127 0.734 253.3 153.9  -7.1  45.1
1874 9 3.000     11800 7   29  239   30  243 0.872 256.9 153.6  -7.7  59.0
1874 9 4.570     11800 7   24  193   45  358 0.962 259.2 153.2  -8.3  72.8
1874 9 4.570     11900 0    0   29    0   69 0.977  88.9   2.4   2.6 -78.0
1874 9 5.403     11800 7   15   83   56  319 0.992 262.0 151.0  -6.9  81.6
1874 9 5.403     11900 0    0   26    0   33 0.920  91.9   2.5   1.1 -66.9
1874 9 6.000     11900 0    0   40    0   33 0.798  93.9   2.7   1.3 -52.8
1874 9 7.000     11900 0    0   52    0   34 0.629  96.8   2.9   1.4 -38.7
1874 9 8.000     11900 0    0   61    0   34 0.425 101.8   3.2   1.6 -24.6
1874 9 9.609     11900 0    0   66    0   34 0.205 117.4   3.4   1.7 -10.5
1874 9 9.609     12000 0    0   26    0   29 0.890 270.1  77.0   3.4  63.1
1874 9 9.609     12100 7   11   84    7   52 0.597 233.2  43.5 -14.7  29.6
1874 910.439     12000 0    0   50    0   75 0.945 272.9  74.3   5.1  71.4
1874 910.439     12100 7   11  120    8   85 0.710 242.5  43.3 -13.7  40.4
1874 911.000     12100 7   21  254   20  237 0.839 248.4  43.1 -13.8  53.4
1874 912.434     11910 4   39  187   27  129 0.689 273.0  20.5   7.3  43.9
1874 912.434     12100 7   24  275   33  388 0.934 252.1  42.9 -13.9  66.3
1874 913.000     11910 4   28  123   28  122 0.856 274.0  22.6   7.1  59.4
1874 914.464     11910 4   16   63   29  114 0.962 275.3  24.6   7.0  74.8
1874 915.467     12200 0    0   35    0   48 0.932 107.3 230.4 -13.3 -66.1
1874 916.000     12200 0    0   43    0   39 0.835 111.0 230.2 -13.2 -53.2
1874 917.000     12200 0    0   44    0   31 0.705 116.7 230.0 -13.1 -40.3
1874 918.000     12200 0    0   36    0   22 0.557 126.3 229.8 -13.0 -27.4
1874 919.450     12200 0    0   25    0   14 0.416 144.3 229.6 -12.9 -14.4
1874 920.000     12200 0    0   26    0   14 0.341 176.6 229.7 -12.9  -1.2
1874 921.000     12200 0    0   23    0   13 0.395 211.2 229.7 -12.9  12.1
1874 922.452     12200 0    0   22    0   13 0.532 231.9 229.8 -12.9  25.4
1874 922.452     12300 1   30  120   16   65 0.372  48.3 187.1  21.0 -17.3
1874 922.452     12400 0  103  516   76  382 0.737 109.2 159.6  -9.1 -44.8
1874 923.000     12300 1   27  112   14   58 0.253  14.5 187.6  21.1  -3.9
1874 923.000     12400 0  121  656   74  398 0.581 116.4 159.7  -9.1 -31.8
1874 924.414     12300 1   21   97   11   51 0.293 328.0 188.1  21.2   9.6
1874 924.414     12400 0  129  749   71  414 0.416 130.4 159.8  -9.1 -18.7
1874 925.425     12300 1   20   77   11   43 0.449 305.2 188.3  21.3  23.2
1874 925.425     12400 0  146  797   76  415 0.282 161.5 159.9  -8.7  -5.2
1874 925.425     12500 0    0   21    0   52 0.978  87.7  86.7   3.6 -78.4
1874 926.526     12300 1   14   51    9   33 0.637 295.1 188.8  21.1  38.2
1874 926.526     12400 0  131  722   69  380 0.309 211.5 160.0  -8.6   9.4
1874 926.526     12500 0   14   50   16   55 0.892  88.6  87.2   4.3 -63.4
1874 927.000     12300 1    6   32    5   26 0.783 291.1 188.8  20.7  51.3
1874 927.000     12400 0  120  677   68  382 0.459 236.3 160.2  -8.5  22.7
1874 927.000     12500 0   10   45    8   36 0.766  90.3  87.3   4.1 -50.2
1874 928.509     12300 1    0   16    0   18 0.896 289.4 188.7  20.3  64.3
1874 928.509     12400 0  105  597   67  383 0.627 247.8 160.3  -8.3  35.9
1874 928.509     12500 0    0   26    0   16 0.601  92.6  87.4   3.8 -37.0
1874 928.509     12700 7   58  391  148 1002 0.981 105.0  47.6 -13.3 -76.8
1874 929.516     12400 0   71  436   56  341 0.778 253.8 160.1  -8.2  49.0
1874 929.516     12500 0    0   27    0   15 0.400  96.0  87.6   3.7 -23.5
1874 929.516     12600 1   12   71   10   59 0.798 108.6  60.8 -10.5 -50.3
1874 929.516     12700 7   75  993  105 1399 0.935 106.8  44.3 -13.1 -66.8
1874 930.476     12400 0   50  257   55  285 0.893 257.5 160.2  -8.1  61.7
1874 930.476     12500 0    0   20    0   10 0.190 107.1  88.0   3.3 -10.5
1874 930.476     12600 1   23  106   15   70 0.652 116.3  61.9 -11.5 -36.6
1874 930.476     12700 7   93  929   87  868 0.845 110.7  44.1 -13.6 -54.4
187410 1.461     12400 0   32  129   69  281 0.973 259.8 160.9  -8.3  75.4
187410 1.461     12600 1   16   66    9   38 0.494 128.0  62.1 -11.7 -23.4
187410 1.461     12700 7  221 1600  159 1151 0.718 116.2  44.0 -13.6 -41.5
187410 2.000     12600 1    9   61    5   33 0.365 148.6  61.2 -11.8 -11.2
187410 2.000     12700 7  291 2122  177 1288 0.569 125.3  43.9 -13.5 -28.5
187410 3.454     12600 1    2   53    1   28 0.314 183.4  60.3 -11.8   1.1
187410 3.454     12700 7  351 2567  195 1426 0.423 142.1  43.7 -13.3 -15.5
187410 4.000     12700 7  333 2328  177 1235 0.338 175.4  44.3 -13.3  -1.6
187410 5.477     12700 7  291 1921  158 1044 0.392 212.2  44.9 -13.2  12.4
187410 6.000     12700 7  235 1604  138  941 0.525 232.5  44.5 -13.0  25.3
187410 7.000     12700 7  173 1235  118  838 0.674 243.4  44.0 -12.7  38.2
187410 8.508     12700 7  115  859   98  734 0.810 249.8  43.6 -12.4  51.1
187410 8.508     12800 1    0   27    0   15 0.438 283.9  18.2  11.6  25.7
187410 9.000     12700 7   59  443   72  535 0.907 253.7  42.8 -12.0  62.9
187410 9.000     12800 1    6   92    4   59 0.618 282.2  18.1  12.3  38.2
18741010.409     12700 7   21  157   45  335 0.971 256.4  42.0 -11.7  74.6
18741010.409     12800 4   10  132    8  103 0.769 281.8  18.0  12.9  50.6
18741010.409     12900 4   86  426   47  234 0.404 197.5 334.7 -16.7   7.3
18741011.000     12900 4   75  347   44  204 0.513 222.8 335.1 -16.6  21.3
18741012.000     12900 4   61  262   41  175 0.661 236.7 335.5 -16.5  35.2
18741013.491     12900 4   45  173   38  145 0.803 244.8 336.0 -16.3  49.2
18741014.000     12900 4   15   88   19  111 0.918 249.4 336.8 -16.4  63.6
18741015.538     12900 4    0   26    0   77 0.985 252.2 337.7 -16.4  77.9
18741015.538     13000 2   17  109   11   71 0.642  82.1 219.7   9.4 -40.1
18741015.538     13100 0   35  106   57  171 0.951  81.9 187.1   9.4 -72.7
18741016.000     13000 2   14  106    8   60 0.453  80.4 219.7   9.3 -26.9
18741016.000     13100 0   47  160   47  158 0.855  82.6 187.4   9.2 -59.2
18741017.000     13000 2    9   94    5   49 0.243  74.3 219.7   9.1 -13.7
18741017.000     13100 0   53  204   38  146 0.713  82.7 187.7   9.0 -45.7
18741018.000     13000 2    5   73    3   37 0.062   8.0 219.7   8.9  -0.5
18741018.000     13100 0   48  226   29  134 0.532  82.0 188.0   8.8 -32.2
18741019.538     13000 2    0   50    0   26 0.226 285.8 219.7   8.7  12.7
18741019.538     13100 0   38  231   20  122 0.323  78.9 188.3   8.6 -18.7
18741019.538     13200 0   29  181   22  135 0.740 105.5 161.0  -7.7 -46.0
18741020.503     13000 0   24   95   13   52 0.393 280.7 217.3   9.0  23.0
18741020.503     13100 0   22  158   11   80 0.113  58.4 188.7   8.6  -5.6
18741020.503     13200 0   36  130   22   79 0.576 110.9 161.4  -7.5 -32.9
18741021.000     13000 0   11   54    7   34 0.593 277.5 217.3   8.6  36.5
18741021.000     13100 0   25  128   13   65 0.155 293.3 189.1   8.6   8.3
18741021.000     13200 0   42  185   23  101 0.395 123.0 161.3  -7.6 -19.5
18741022.551     13000 0    0   21    0   16 0.763 276.5 217.3   8.2  50.0
18741022.551     13100 0   28   92   15   50 0.380 280.1 189.5   8.5  22.2
18741022.551     13200 0   44  235   23  122 0.244 154.4 161.2  -7.7  -6.1
18741022.551   2810100 0    0   25    0   21 0.798 114.7 118.3 -16.2 -49.0
18741023.514     13100 0    0   44    0   27 0.576 277.0 189.9   8.1  35.3
18741023.514     13200 0   48  174   25   90 0.255 206.5 161.2  -8.3   6.6
18741024.000
18741025.000
18741026.000
18741027.000
18741028.000
18741031.000
187411 1.000
187411 2.000
187411 3.552     13400 2  126  687   82  446 0.636 121.4 334.6 -16.2 -34.4
187411 4.488     13400 2  164  896   95  518 0.496 132.7 334.4 -16.2 -22.3
187411 5.493     13400 2  167  899   90  486 0.375 155.8 334.2 -16.4  -9.2
187411 6.575     13400 2  118  856   63  458 0.351 191.8 333.5 -16.6   4.3
187411 7.469     13400 3  168  997   94  557 0.432 221.2 334.6 -15.7  17.2
187411 8.000     13400 3  203 1121  125  689 0.582 237.9 334.1 -15.2  30.7
187411 9.582     13400 3  212 1115  156  820 0.735 246.6 333.7 -14.7  44.2
18741110.000     13400 3   90  664   87  636 0.858 251.5 334.1 -14.1  57.0
18741111.471     13400 3   12  289   18  451 0.946 254.7 334.4 -13.5  69.8
18741112.426     13400 3    0   43    0  124 0.984 253.2 330.4 -16.0  78.4
18741112.426     13500 1    0   50    0   87 0.959  84.4 178.3   6.2 -73.7
18741113.472     13500 1   37  158   35  149 0.850  83.7 180.1   6.8 -58.3
18741114.000     13500 1   66  322   46  222 0.695  82.5 181.0   7.1 -44.0
18741115.000     13500 1   99  513   57  295 0.498  79.6 182.0   7.3 -29.6
18741116.512     13500 4  131  707   68  368 0.278  70.5 182.9   7.6 -15.3
18741117.574     13500 4  109  466   55  234 0.094   3.2 183.8   7.6  -0.3
18741118.000     13500 4  128  651   66  335 0.238 293.5 184.6   7.5  12.7
18741119.000     13500 4  136  773   77  436 0.456 282.4 185.5   7.4  26.7
18741120.492     13500 4  133  811   88  537 0.654 279.2 186.3   7.4  40.6
18741120.492     13600 0   14   68   25  119 0.958  86.0  72.2   4.4 -73.5
18741120.492     13700 0    0   40    0  247 0.996  74.5  60.2  15.6 -85.5
18741121.000     13500 4   75  542   65  467 0.815 277.7 187.1   7.3  54.5
18741121.000     13600 0   24  115   24  114 0.864  86.3  72.8   4.1 -59.8
18741121.000     13700 0    8  155   14  259 0.956  74.4  59.9  15.4 -72.8
18741122.000     13500 4   30  291   42  397 0.929 277.1 187.9   7.2  68.3
18741122.000     13600 0   30  151   22  108 0.720  86.3  73.5   3.8 -46.1
18741122.000     13700 0   27  267   28  272 0.873  73.5  59.5  15.2 -60.1
18741123.459     13500 4    5   91   19  326 0.990 277.0 188.7   7.1  82.1
18741123.459     13600 1   34  171   20  102 0.538  85.8  74.1   3.5 -32.5
18741123.459     13700 0   54  375   41  284 0.751  71.1  59.2  15.1 -47.4
18741124.515     13600 1   25  131   13   69 0.309  83.2  74.8   3.4 -17.9
18741124.515     13700 0   39  407   24  251 0.586  66.6  58.9  14.6 -33.8
18741125.000     13600 1   17  105    9   53 0.084  66.0  75.0   3.2  -4.4
18741125.000     13700 0   50  429   28  236 0.415  55.9  58.6  14.6 -20.8
18741126.000     13600 1   11   73    6   37 0.161 281.2  75.3   2.9   9.1
18741126.000     13700 0   63  423   33  220 0.268  29.4  58.4  14.6  -7.8
18741127.514     13600 0    4   39    2   21 0.384 274.6  75.6   2.7  22.5
18741127.514     13700 0   71  396   37  205 0.250 339.9  58.2  14.6   5.1
18741128.000
18741129.000
18741130.000
187412 1.000
187412 5.000
187412 6.000
187412 7.704     13800 4   28  219   14  111 0.213 247.3 290.2  -5.0  11.4
187412 8.000     13800 4   12  151    7   83 0.429 259.1 292.4  -5.0  25.0
187412 9.289     13800 4    0   80    0   54 0.599 262.5 294.5  -4.9  36.6
187412 9.704     14000 7    5  121    5  162 0.926  83.3 184.8   6.0 -67.7
187412 9.704   2830100 4    0  115    0   64 0.420 241.6 274.7 -12.0  22.2
18741210.000     13800 4    0   57    0   45 0.783 263.8 292.3  -5.3  51.4
18741210.000     14000 7   34  211   32  197 0.834  83.0 184.6   5.5 -56.3
18741211.477     13800 4    0   35    0   36 0.874 263.9 290.0  -5.7  60.8
18741211.477     14000 7   83  325   59  232 0.710  82.2 184.3   5.0 -44.9
18741211.477   2830200 7    0   34    0   18 0.297 319.5 240.6  12.3  11.4
18741212.742     14000 7   92  823   52  462 0.444  73.8 187.0   6.3 -25.4
18741213.000     14000 7   91  694   48  366 0.293  62.8 185.7   6.7 -15.2
18741214.498     14000 7   84  527   43  269 0.166  31.3 184.3   7.0  -5.0
18741215.000     14000 7   66  478   34  245 0.219 311.0 185.3   7.0   9.6
18741216.000     14000 7   43  402   24  221 0.432 289.5 186.4   7.0  24.2
18741217.583     14000 7   22  302   14  197 0.637 283.0 187.4   7.0  38.7
18741218.513     14000 7    0  154    0  126 0.788 280.6 187.8   7.3  51.3
18741219.000
18741220.000
18741221.000
18741222.000
18741223.000
18741224.000
18741225.000
18741226.000
18741227.000
18741228.000
18741229.000
18741230.000
18741231.000
